Unsorted: [ 4384 6577 4534 937 874 4722 1279 640 8566 8010 434 2364 6568 7510 9266 5143 9446 103 2815 8895 264 7101 5301 4962 736 2793 6999 9894 7088 4618 8625 4318 7651 2683 4809 7266 7172 3708 4997 4107 146 7671 7377 7771 9505 5268 5605 6625 5972 8575 517 4241 9655 59 6566 9020 8838 2913 7327 9423 4664 7858 1391 6307 1331 6940 8328 1349 348 5517 9862 2874 3080 1390 6801 8956 9438 5988 8811 3148 3646 953 7927 7371 2079 6375 6912 2019 5403 396 8420 6254 7424 6441 1311 8183 6247 6837 9403 3222 1538 457 7669 5611 7731 5395 71 402 4829 6404 121 6913 4160 2556 5739 307 2551 8380 3648 4858 9142 6084 2388 8571 3047 9359 6544 165 324 5585 4519 8936 7525 7006 1177 2083 7348 9220 7588 8310 1400 2251 6891 7511 9909 1411 4885 5003 1776 5924 7356 6689 3595 5379 9022 1335 2840 7109 1831 4022 2761 6625 8722 451 2189 2757 9446 8965 9963 2449 8940 1900 6935 1344 6105 6206 2892 6592 1248 2379 7957 5760 8838 546 1442 323 6402 5046 6028 6344 2707 688 1390 4760 4118 36 1537 7869 1386 2514 6296 5800 8373 9588 742 1008 3805 6273 8229 3471 3755 1814 3419 7044 66 6424 5080 1660 2877 4859 6686 9707 4684 5165 8840 9327 7200 9838 4086 9840 5590 1500 4830 6078 4192 6907 1414 3154 6052 9029 1901 4345 3476 9618 469 8645 7469 1486 7422 3374 8717 3781 7882 3612 9461 1088 899 6216 8074 8673 9574 8905 6524 5251 6725 2390 8002 8444 2308 8349 9241 5349 190 3397 7439 7261 5912 7865 9461 4736 5499 1172 7741 2195 1221 470 8368 495 9983 9655 9719 1033 7228 7526 5227 5316 2904 9862 5651 9342 ]
vector: 0.000845 seconds
[ 36 59 66 71 103 121 146 165 190 264 307 323 324 348 396 402 434 451 457 469 470 495 517 546 640 688 736 742 874 899 937 953 1008 1033 1088 1172 1177 1221 1248 1279 1311 1331 1335 1344 1349 1386 1390 1390 1391 1400 1411 1414 1442 1486 1500 1537 1538 1660 1776 1814 1831 1900 1901 2019 2079 2083 2189 2195 2251 2308 2364 2379 2388 2390 2449 2514 2551 2556 2683 2707 2757 2761 2793 2815 2840 2874 2877 2892 2904 2913 3047 3080 3148 3154 3222 3374 3397 3419 3471 3476 3595 3612 3646 3648 3708 3755 3781 3805 4022 4086 4107 4118 4160 4192 4241 4318 4345 4384 4519 4534 4618 4664 4684 4722 4736 4760 4809 4829 4830 4858 4859 4885 4962 4997 5003 5046 5080 5143 5165 5227 5251 5268 5301 5316 5349 5379 5395 5403 5499 5517 5585 5590 5605 5611 5651 5739 5760 5800 5912 5924 5972 5988 6028 6052 6078 6084 6105 6206 6216 6247 6254 6273 6296 6307 6344 6375 6402 6404 6424 6441 6524 6544 6566 6568 6577 6592 6625 6625 6686 6689 6725 6801 6837 6891 6907 6912 6913 6935 6940 6999 7006 7044 7088 7101 7109 7172 7200 7228 7261 7266 7327 7348 7356 7371 7377 7422 7424 7439 7469 7510 7511 7525 7526 7588 7651 7669 7671 7731 7741 7771 7858 7865 7869 7882 7927 7957 8002 8010 8074 8183 8229 8310 8328 8349 8368 8373 8380 8625 8722 8838 8420 8444 8566 8571 8575 8645 8673 8717 8811 8838 8840 8895 8905 8936 8940 8956 8965 9020 9022 9029 9142 9220 9241 9266 9327 9342 9359 9423 9461 9574 9403 9438 9446 9446 9461 9505 9588 9618 9655 9655 9707 9719 9838 9840 9862 9862 9894 9909 9963 9983 ]
[!!!!!!!!!!!!!!!!!Not Sorted!!!!!!!!!!!!!!!]
8838|8420
[!!!!!!!!!!!!!!!!!Not Sorted!!!!!!!!!!!!!!!]
9574|9403
list: 0.001535 seconds
[ 36 59 66 71 103 121 146 165 190 264 307 323 324 348 396 402 434 451 457 469 470 495 517 546 640 688 736 742 874 899 937 953 1008 1033 1088 1172 1177 1221 1248 1279 1311 1331 1335 1344 1349 1386 1390 1390 1391 1400 1411 1414 1442 1486 1500 1537 1538 1660 1776 1814 1831 1900 1901 2019 2079 2083 2189 2195 2251 2308 2364 2379 2388 2390 2449 2514 2551 2556 2683 2707 2757 2761 2793 2815 2840 2874 2877 2892 2904 2913 3047 3080 3148 3154 3222 3374 3397 3419 3471 3476 3595 3612 3646 3648 3708 3755 3781 3805 4022 4086 4107 4118 4160 4192 4241 4318 4345 4384 4519 4534 4618 4664 4684 4722 4736 4760 4809 4829 4830 4858 4859 4885 4962 4997 5003 5046 5080 5143 5165 5227 5251 5268 5301 5316 5349 5379 5395 5403 5499 5517 5585 5590 5605 5611 5651 5739 5760 5800 5912 5924 5972 5988 6028 6052 6078 6084 6105 6206 6216 6247 6254 6273 6296 6307 6344 6375 6402 6404 6424 6441 6524 6544 6566 6568 6577 6592 6625 6625 6686 6689 6725 6801 6837 6891 6907 6912 6913 6935 6940 6999 7006 7044 7088 7101 7109 7172 7200 7228 7261 7266 7327 7348 7356 7371 7377 7422 7424 7439 7469 7510 7511 7525 7526 7588 7651 7669 7671 7731 7741 7771 7858 7865 7869 7882 7927 7957 8002 8010 8074 8183 8229 8310 8328 8349 8368 8373 8380 8895 8940 8838 8420 8444 8566 8571 8575 8625 8645 8673 8717 8722 8811 8838 8840 8905 8936 8956 8965 9020 9022 9029 9142 9220 9241 9266 9327 9342 9359 9403 9423 9655 9719 9838 9862 9983 9438 9446 9446 9461 9461 9505 9574 9588 9618 9655 9707 9840 9862 9894 9909 9963 ]
[!!!!!!!!!!!!!!!!!Not Sorted!!!!!!!!!!!!!!!]
8940|8838
[!!!!!!!!!!!!!!!!!Not Sorted!!!!!!!!!!!!!!!]
8838|8420
[!!!!!!!!!!!!!!!!!Not Sorted!!!!!!!!!!!!!!!]
9983|9438
